0.21474388	0.37476736	0.07187021	0.42626503	-0.27114028
0.37240234	0.43933845	-0.27133596	0.4218849	0.44271174
0.28427652	-0.39129347	-0.124106206	0.054746117	-0.0013665481

0.15614033	0.48512644	0.402808	0.16648208
0.62989414	0.013796473	0.7557809	0.8751953
0.3136963	0.083229795	0.28390768	-0.3424392
0.5725366	0.7943968	0.83888966	0.99943423
0.014023971	0.8637452	0.28751543	0.119518615
0.8297199	0.5692131	0.24240272	0.7724232

0.8087811	0.29285145
0.9690015	0.94429743
0.91218436	0.5962867
1.2527784	0.9410537
1.3226902	1.8365976
